114228
118858
99617
93252
78269
109401
110603
131045
86113
131746
103426
102748
110047
127739
107558
2797112
2830812
2880371
2853012
4270868
2706143
4320208
4338559
4302709
4048035
4330950
4315031
2756984
3811790
3861296
4335082
4324412
4321954
4317410
3777599
4319353
3101491
4323925
4302724
4332025
2609508
4312214
3203275
3671290
2800982
3756315
3866753
4329188
4256394
4100682
2564340
3767409
4167760
4307749
4332012
3469824
4320751
3718735
4341597
4321942
4146789
4316791
3152523
2752734
2552289
4328782
4088787
3323902
4318589
2994104
4334617
3142242
2539336
2752224
2897700
2957166
2961838
4321599
3559688
2840133
3152144
3963976
4331638
3119109
4314619
3621835
2552136
4164521
3301823
3004382
3659157
4339621
2649281
4316193
4324473
3341254
4005524
4302293
3035609
2576886