114228
118858
99617
93252
78269
109401
110603
131045
86113
131746
103426
102748
110047
127739
107558
111610
84766
129212
98745
136380
101793
118900
143334
105134
91899
131904
106062
97487
109029
114301
134365
129828
122921
118392
126320
129625
92341
133941
110126
138417
94798
110012
97233
112628
94973
95583
116792
128349
114239
110540
105423
116736
126317
105271
131595
113941
118015
114144
141943
126536
102372
115741
98185
88010
97054
133203
96555
121875
120900
83173
135463
85107
75241
97668
91216
103780
103671
116793
100884
77449
94078
113816
132085
110502
114143
119105
90631
127629
88637
86537
102234
144356
81943
116169
123584
120017
109162
101534
99062
104177